ArtistName : blta
SongName   : snowy
SongPath   : Liss/Snowy/Snowy
Bpm    : 120
Offset : -260

[ NOTE ]
4, 2500, 1, 0
2, 4500, 1, 0
3, 6500, 1, 0
1, 8500, 1, 1
1, 9000, 1, 2
2, 10500, 1, 1
2, 11000, 1, 2
3, 12500, 1, 1
3, 13000, 1, 2
4, 14500, 1, 1
4, 15000, 1, 2
0, 16500, 2, 0
5, 18500, 2, 0
0, 20500, 2, 1
0, 21000, 2, 2
5, 22500, 2, 1
5, 23000, 2, 2
1, 24500, 1, 1
1, 25000, 1, 2
4, 25500, 1, 0
4, 26500, 1, 1
4, 27000, 1, 2
1, 27500, 1, 0
3, 28500, 1, 0
2, 30500, 1, 0
1, 32500, 1, 0
2, 33000, 1, 0
3, 33500, 1, 0
4, 34000, 1, 0
4, 34500, 1, 0
4, 35000, 1, 0
3, 35500, 1, 0
1, 36000, 1, 0
1, 36500, 1, 0
1, 37000, 1, 0
2, 37500, 1, 0
4, 38000, 1, 0
0, 38500, 2, 1
5, 38500, 2, 1
0, 39500, 2, 2
5, 39500, 2, 2
4, 40500, 1, 0
3, 41000, 1, 0
1, 41500, 1, 0
2, 42000, 1, 0
3, 42500, 1, 0
4, 43000, 1, 0
4, 43500, 1, 0
4, 44000, 1, 0
3, 44500, 1, 0
3, 45000, 1, 0
1, 45500, 1, 0
1, 46000, 1, 0
5, 46500, 2, 1
0, 46500, 2, 1
5, 48250, 2, 2
0, 48250, 2, 2
1, 48500, 1, 0
4, 49000, 1, 0
1, 49500, 1, 0
4, 50000, 1, 0
1, 50500, 1, 0
4, 51000, 1, 0
1, 51500, 1, 0
4, 52000, 1, 0
1, 52500, 1, 0
4, 53000, 1, 0
1, 53500, 1, 0
4, 54000, 1, 0
4, 54500, 1, 0
1, 55000, 1, 0
4, 55500, 1, 0
1, 56000, 1, 0
1, 56500, 1, 0
4, 57000, 1, 0
1, 57500, 1, 0
4, 58000, 1, 0
4, 58500, 1, 0
4, 59000, 1, 0
1, 59500, 1, 0
1, 60000, 1, 0
1, 60500, 1, 1
1, 62000, 1, 2
4, 62500, 1, 1
4, 64000, 1, 2
1, 64500, 1, 0
2, 65000, 1, 0
3, 65500, 1, 0
4, 66000, 1, 0
0, 66500, 2, 1
5, 66500, 2, 1
0, 67000, 2, 2
5, 67000, 2, 2
0, 67500, 2, 1
5, 67500, 2, 1
0, 68000, 2, 2
5, 68000, 2, 2
4, 68500, 1, 0
3, 69000, 1, 0
2, 69500, 1, 0
1, 70000, 1, 0
0, 70500, 2, 1
5, 70500, 2, 1
0, 71000, 2, 2
5, 71000, 2, 2
0, 71500, 2, 1
5, 71500, 2, 1
0, 72000, 2, 2
5, 72000, 2, 2
1, 72500, 1, 0
4, 73000, 1, 0
3, 73500, 1, 0
2, 74000, 1, 0
5, 74500, 2, 1
0, 74500, 2, 1
5, 75000, 2, 2
0, 75000, 2, 2
5, 75500, 2, 1
0, 75500, 2, 1
5, 76000, 2, 2
0, 76000, 2, 2
4, 76500, 1, 1
1, 76500, 1, 1
4, 77000, 1, 2
1, 77000, 1, 2
3, 77500, 1, 1
2, 77500, 1, 1
3, 78000, 1, 2
2, 78000, 1, 2
4, 78500, 1, 1
1, 78500, 1, 1
4, 79000, 1, 2
1, 79000, 1, 2
3, 79500, 1, 1
2, 79500, 1, 1
3, 80000, 1, 2
2, 80000, 1, 2
1, 80500, 1, 1
1, 81000, 1, 2
2, 81500, 1, 1
2, 82000, 1, 2
3, 82500, 1, 1
3, 83000, 1, 2
4, 83500, 1, 1
4, 84000, 1, 2
1, 84500, 1, 1
2, 84500, 1, 1
1, 85000, 1, 2
2, 85000, 1, 2
3, 85500, 1, 1
4, 85500, 1, 1
3, 86000, 1, 2
4, 86000, 1, 2
0, 86500, 2, 1
5, 86500, 2, 1
0, 88000, 2, 2
5, 88000, 2, 2
2, 88500, 1, 0
1, 88500, 1, 0
3, 89000, 1, 0
4, 89000, 1, 0
1, 89500, 1, 0
2, 89500, 1, 0
3, 90000, 1, 0
4, 90000, 1, 0
2, 90500, 1, 1
3, 90500, 1, 1
2, 92000, 1, 2
3, 92000, 1, 2
3, 92500, 1, 1
2, 92500, 1, 1
3, 94000, 1, 2
2, 94000, 1, 2
1, 94500, 1, 0
2, 94500, 1, 0
3, 95000, 1, 0
4, 95000, 1, 0
1, 95500, 1, 0
2, 95500, 1, 0
3, 96000, 1, 0
4, 96000, 1, 0
2, 96500, 1, 0
2, 97000, 1, 0
3, 97500, 1, 0
3, 98000, 1, 0
2, 98500, 1, 0
2, 99000, 1, 0
3, 99500, 1, 0
3, 100000, 1, 0
0, 100500, 2, 1
5, 100500, 2, 1
0, 101000, 2, 2
5, 101000, 2, 2
0, 101500, 2, 1
5, 101500, 2, 1
0, 102000, 2, 2
5, 102000, 2, 2
0, 102500, 2, 1
5, 102500, 2, 1
0, 103000, 2, 2
5, 103000, 2, 2
0, 103500, 2, 1
5, 103500, 2, 1
0, 104000, 2, 2
5, 104000, 2, 2
1, 104500, 1, 0
2, 105000, 1, 0
3, 105500, 1, 0
4, 106000, 1, 0
1, 106500, 1, 0
2, 107000, 1, 0
3, 107500, 1, 0
4, 108000, 1, 0
1, 108500, 1, 1
2, 108500, 1, 1
3, 108500, 1, 1
4, 108500, 1, 1
1, 112000, 1, 2
3, 112000, 1, 2
2, 112000, 1, 2
4, 112000, 1, 2
1, 112500, 1, 1
1, 113000, 1, 2
4, 114500, 1, 1
4, 115000, 1, 2
3, 116500, 1, 1
3, 117000, 1, 2
2, 118500, 1, 1
2, 119000, 1, 2
1, 120500, 1, 1
1, 121000, 1, 2
2, 122500, 1, 1
2, 123000, 1, 2
3, 124500, 1, 1
3, 125000, 1, 2
4, 126500, 1, 1
4, 127000, 1, 2
